16733 6046848 16.5 0.256566
16733 6414447 24 0.880873
16733 6781829 28.5 1.84647
16733 7149498 14.5 0.184647
16733 7517277 21.5 0.583905
16733 7884880 18.5 0.356497
16733 8252740 13.5 0.156644
16733 8621147 23.5 0.811333
16733 8989842 5.5 0.0420228
16733 9357331 -999 7.47283e-74
16733 9725042 -999 7.47283e-74
16733 10093105 25 1.03835
16733 10461082 24 0.880873
16733 10829127 10.5 0.0956374
16733 11197093 18 0.328354
16733 11564829 25.5 1.12734
16733 11934930 -999 7.47283e-74
16733 12303477 21.5 0.583905
16733 12672425 14 0.17007
16733 13040337 16.5 0.256566
16733 13407937 13 0.144278
16733 13775377 20 0.456246
16733 14143481 -999 7.47283e-74
16733 14511246 -999 7.47283e-74
16733 14879107 14 0.17007
16733 15247043 14.5 0.184647
16733 15615882 -999 7.47283e-74
16733 15984095 17 0.278557
16733 16352492 -999 7.47283e-74
16733 16720427 17.5 0.302432
16733 17088427 -999 7.47283e-74
16733 17456298 21 0.537809
16733 17823831 -999 7.47283e-74
16733 18191703 -999 7.47283e-74
16733 18560791 -999 7.47283e-74
16733 18928051 -999 7.47283e-74
16733 19296692 12 0.122397
16733 19663827 14.5 0.184647
16733 20031338 11.5 0.112734
16733 20398762 12 0.122397
16733 20766479 13.5 0.156644
16733 21134075 11.5 0.112734
16733 21501798 -999 7.47283e-74
16733 21869644 12.5 0.132888
16733 22237577 -999 7.47283e-74
16733 22605238 12 0.122397
16733 22972788 -999 7.47283e-74
16733 23340031 -999 7.47283e-74
16733 23707828 -999 7.47283e-74
16733 24075649 6.5 0.0495351
16733 24443378 29 2.00473
16733 24810473 -999 7.47283e-74
16733 25178200 -999 7.47283e-74
16733 25546181 14.5 0.184647
16733 25913577 12 0.122397
16733 26281531 -999 7.47283e-74
16733 26649347 -999 7.47283e-74
16733 27017082 -999 7.47283e-74
16733 27384677 19 0.387053
16733 27752293 -999 7.47283e-74
16733 28119931 3 0.0278557
16733 28487527 -999 7.47283e-74
16733 28855729 11 0.103835
16733 29223297 -999 7.47283e-74
16733 29591779 25 1.03835
16733 29959391 24.5 0.956374
16733 30327731 26.5 1.32888
16733 30695601 26 1.22397
16733 31063475 26.5 1.32888
16733 31431078 19.5 0.420228
16733 31798941 19.5 0.420228
16733 32166704 18 0.328354
16733 32534299 17 0.278557
16733 32902240 27 1.44278
16733 33270896 23.5 0.811333
16733 33638337 23 0.747283
16733 34006776 29.5 2.17656
16733 34374376 -999 7.47283e-74
16733 34741794 24 0.880873
16733 35109228 -999 7.47283e-74
16733 35477126 -999 7.47283e-74
16733 35845290 28 1.7007
16733 36213157 27 1.44278
16733 36581028 26.5 1.32888
16733 36949943 23 0.747283
16733 37318775 -999 7.47283e-74
16733 37687050 -999 7.47283e-74
16733 38054839 33.5 4.20228
16733 38422225 25 1.03835
16733 38790286 24 0.880873
16733 39158005 27.5 1.56644
16733 39525930 28.5 1.84647
16733 39894125 26 1.22397
16733 40261940 26.5 1.32888
16733 40630198 32 3.28354
16733 40999085 29.5 2.17656
16733 41366791 23.5 0.811333
16733 41735028 25.5 1.12734
16733 42103255 -999 7.47283e-74
16733 42470928 28.5 1.84647
16733 42838777 29.5 2.17656
16733 43207529 23.5 0.811333
16733 43575255 24.5 0.956374
16733 43943957 29.5 2.17656
16733 44311376 -999 7.47283e-74
16733 44679085 30 2.36311
16733 45047309 19.5 0.420228
16733 45414643 11.5 0.112734
16733 45782228 15.5 0.217656
16733 46149701 -999 7.47283e-74
16733 46518350 27.5 1.56644
16733 46886330 22 0.633952
16733 47254775 19 0.387053
16733 47622645 17.5 0.302432
16733 47990597 18 0.328354
16733 48358425 -999 7.47283e-74
16733 48725832 25 1.03835
16733 49093450 13 0.144278
16733 49461431 21.5 0.583905
16733 49829388 27.5 1.56644
16733 50197734 27 1.44278
16733 50567295 22 0.633952
16733 50935496 -999 7.47283e-74
16733 51303594 28 1.7007
16733 51671476 26 1.22397
16733 52039192 27.5 1.56644
16733 52407041 27 1.44278
16733 52774976 29 2.00473
16733 53143390 29 2.00473
16733 53510703 25 1.03835
16733 53879531 34.5 4.95351
16733 54247276 35.5 5.83905
16733 54615125 35 5.37809
16733 54982902 32 3.28354
16733 55350778 33 3.87053
16733 55718382 30.5 2.56566
16733 56086236 27 1.44278
16733 56453733 33 3.87053
16733 56821527 37 7.47283
16733 57190374 31.5 3.02432
16733 57558044 25.5 1.12734
16733 57925743 31.5 3.02432
16733 58292877 33 3.87053
16733 58660531 37.5 8.11333
16733 59028242 32.5 3.56497
16733 59395977 35.5 5.83905
16733 59764027 28 1.7007
16733 60132683 33 3.87053
16734 20947 24.5 0.956374
16734 388590 28 1.7007
16734 756854 27 1.44278
16734 1125027 30.5 2.56566
16734 1493176 27 1.44278
16734 1861038 32 3.28354
16734 2229702 17.5 0.302432
16734 2599351 19 0.387053
16734 2967232 16.5 0.256566
16734 3335380 28 1.7007
16734 3703192 12 0.122397
16734 4070892 13.5 0.156644
16734 4439180 13 0.144278
16734 4807078 -999 7.47283e-74
16734 5175995 21.5 0.583905
16734 5544618 -999 7.47283e-74
16734 5912633 21 0.537809
16734 6280396 23.5 0.811333
16734 6648204 20.5 0.495351
16734 7016346 22.5 0.688289
16734 7384530 26 1.22397
16734 7752500 27 1.44278
16734 8120944 20 0.456246
16734 8489306 18.5 0.356497
16734 8858136 29.5 2.17656
16734 9225784 27 1.44278
16734 9594080 24 0.880873
16734 9962050 20 0.456246
16734 10329627 15.5 0.217656
16734 10697793 13.5 0.156644
16734 11065889 22 0.633952
16734 11433700 26 1.22397
16734 11801630 23.5 0.811333
16734 12170027 -999 7.47283e-74
16734 12537890 25 1.03835
16734 12905698 23.5 0.811333
16734 13273532 21 0.537809
16734 13641281 -999 7.47283e-74
16734 14009440 23.5 0.811333
16734 14377697 24 0.880873
16734 14746536 22 0.633952
16734 15115128 23 0.747283
16734 15483336 24 0.880873
16734 15851145 23.5 0.811333
16734 16219441 21 0.537809
16734 16587431 9 0.0747283
16734 16954982 23.5 0.811333
16734 17323254 -999 7.47283e-74
16734 17692048 30 2.36311
16734 18060638 20 0.456246
16734 18428282 20.5 0.495351
16734 18796597 26.5 1.32888
16734 19164546 21.5 0.583905
16734 19532235 24 0.880873
16734 19899997 15.5 0.217656
16734 20268001 23 0.747283
16734 20635636 22 0.633952
16734 21004099 30 2.36311
16734 21372404 25.5 1.12734
16734 21740796 26 1.22397
16734 22108732 22.5 0.688289
16734 22476588 23.5 0.811333
16734 22844133 26 1.22397
16734 23212100 32.5 3.56497
16734 23579888 30 2.36311
16734 23947849 35.5 5.83905
16734 24316531 37 7.47283
16734 24684550 29.5 2.17656
16734 25053037 28 1.7007
16734 25422384 25.5 1.12734
16734 25791374 28.5 1.84647
16734 26160286 19 0.387053
16734 26529618 31.5 3.02432
16734 26898743 27.5 1.56644
16734 27268895 30.5 2.56566
16734 27637994 29 2.00473
16734 28007135 28 1.7007
16734 28375831 25 1.03835
16734 28744729 23 0.747283
16734 29113323 21.5 0.583905
16734 29482640 28.5 1.84647
16734 29851949 26.5 1.32888
16734 30220586 26 1.22397
16734 30589330 33 3.87053
16734 30958181 18.5 0.356497
16734 31328428 31 2.78557
16734 31697229 25.5 1.12734
16734 32066036 25 1.03835
16734 32435145 34 4.56246
16734 32803997 31 2.78557
16734 33173328 33 3.87053
16734 33541482 28.5 1.84647
16734 33910481 29 2.00473
16734 34279003 30 2.36311
16734 34647949 30 2.36311
16734 35016441 33.5 4.20228
16734 35384893 29 2.00473
16734 35754486 25.5 1.12734
16734 36123432 28 1.7007
16734 36492241 27 1.44278
16734 36861247 15.5 0.217656
16734 37229897 -999 7.47283e-74
16734 37598683 17.5 0.302432
16734 37968038 27 1.44278
16734 38336976 22 0.633952
16734 38705835 19 0.387053
16734 39074646 19.5 0.420228
16734 39443478 26 1.22397
16734 39812529 30 2.36311
16734 40182279 36 6.33952
16734 40550778 37 7.47283
16734 40919932 28.5 1.84647
16734 41288895 29.5 2.17656
16734 41656950 26.5 1.32888
16734 42025577 11.5 0.112734
16734 42394977 29 2.00473
16734 42763775 13.5 0.156644
16734 43132787 8 0.0633952
16734 43501847 11 0.103835
16734 43870285 23 0.747283
16734 44238930 20.5 0.495351
16734 44608526 19.5 0.420228
16734 44977574 11 0.103835
16734 45346382 21.5 0.583905
16734 45715099 -999 7.47283e-74
16734 46083743 -999 7.47283e-74
16734 46452383 27.5 1.56644
16734 46820825 13 0.144278
16734 47190372 27.5 1.56644
16734 47559237 29 2.00473
16734 47928001 20 0.456246
16734 48296635 21.5 0.583905
16734 48665583 23.5 0.811333
16734 49035125 22 0.633952
16734 49404576 -999 7.47283e-74
16734 49773784 27 1.44278
16734 50142338 31.5 3.02432
16734 50510963 -999 7.47283e-74
16734 50881087 -999 7.47283e-74
16734 51250428 -999 7.47283e-74
16734 51619274 27.5 1.56644
16734 51988299 -999 7.47283e-74
16734 52357423 -999 7.47283e-74
16734 52726193 27.5 1.56644
16734 53094845 17.5 0.302432
16734 53463778 22 0.633952
16734 53832475 23 0.747283
16734 54201087 -999 7.47283e-74
16734 54569885 -999 7.47283e-74
16734 54938096 20.5 0.495351
16734 55307389 25.5 1.12734
16734 55676532 27.5 1.56644
16734 56045128 11.5 0.112734
16734 56414426 -999 7.47283e-74
16734 56783528 -999 7.47283e-74
16734 57151853 30 2.36311
16734 57520890 -999 7.47283e-74
16734 57889435 30.5 2.56566
16734 58258126 29.5 2.17656
16734 58626935 18 0.328354
16734 58995661 -999 7.47283e-74
16734 59364492 29 2.00473
16734 59734515 28 1.7007
16734 60103888 27 1.44278
16734 60472730 27.5 1.56644
16734 60841734 26.5 1.32888
