16733 6115019 7.5 0.0583905
16733 6482494 15 0.200473
16733 6849966 9.5 0.0811333
16733 7217552 10 0.0880873
16733 7585514 11.5 0.112734
16733 7953049 6.5 0.0495351
16733 8320983 5.5 0.0420228
16733 8690127 7.5 0.0583905
16733 9057879 10.5 0.0956374
16733 9425081 7 0.0537809
16733 9793199 -999 7.47283e-74
16733 10161162 6.5 0.0495351
16733 10529226 3 0.0278557
16733 10897272 13 0.144278
16733 11265136 10 0.0880873
16733 11633088 8 0.0633952
16733 12003169 8.5 0.0688289
16733 12372435 7 0.0537809
16733 12740575 10.5 0.0956374
16733 13108376 6 0.0456246
16733 13476081 8 0.0633952
16733 13843541 7.5 0.0583905
16733 14211520 1 0.0200473
16733 14579412 -0.5 0.0156644
16733 14947360 10.5 0.0956374
16733 15315315 12.5 0.132888
16733 15684023 -5.5 0.00688289
16733 16052747 2 0.0236311
16733 16420744 -11 0.00278557
16733 16788569 9 0.0747283
16733 17156467 -7.5 0.00495351
16733 17524343 7 0.0537809
16733 17892069 8.5 0.0688289
16733 18259871 7.5 0.0583905
16733 18628836 2 0.0236311
16733 18997016 10.5 0.0956374
16733 19364760 -5 0.00747283
16733 19731881 -10 0.00328354
16733 20099386 -1 0.0144278
16733 20466908 -5.5 0.00688289
16733 20834526 -5.5 0.00688289
16733 21202215 -10.5 0.00302432
16733 21570052 -999 7.47283e-74
16733 21938101 -999 7.47283e-74
16733 22305740 -999 7.47283e-74
16733 22673382 -999 7.47283e-74
16733 23040633 -11 0.00278557
16733 23408283 3.5 0.0302432
16733 23775865 -8 0.00456246
16733 24143602 -999 7.47283e-74
16733 24511418 -4.5 0.00811333
16733 24878620 -4.5 0.00811333
16733 25246451 -2 0.0122397
16733 25614340 1 0.0200473
16733 25981948 -2 0.0122397
16733 26349888 -1 0.0144278
16733 26717618 -1 0.0144278
16733 27085121 -0.5 0.0156644
16733 27452827 -4.5 0.00811333
16733 27820453 -2 0.0122397
16733 28187980 -5.5 0.00688289
16733 28555783 -2 0.0122397
16733 28923768 -4 0.00880873
16733 29291554 0.5 0.0184647
16733 29659918 -2.5 0.0112734
16733 30027955 -3.5 0.00956374
16733 30395971 6.5 0.0495351
16733 30763861 -999 7.47283e-74
16733 31131613 -999 7.47283e-74
16733 31499334 -999 7.47283e-74
16733 31867098 -999 7.47283e-74
16733 32234850 -4 0.00880873
16733 32602447 -0.5 0.0156644
16733 32970486 -0.5 0.0156644
16733 33338946 13.5 0.156644
16733 33707189 21.5 0.583905
16733 34074923 11 0.103835
16733 34442418 8.5 0.0688289
16733 34809848 6.5 0.0495351
16733 35177370 9 0.0747283
16733 35545294 6 0.0456246
16733 35913430 5.5 0.0420228
16733 36281321 6 0.0456246
16733 36649176 9.5 0.0811333
16733 37018116 7 0.0537809
16733 37387323 5 0.0387053
16733 37755201 12 0.122397
16733 38122880 7.5 0.0583905
16733 38490382 10.5 0.0956374
16733 38858437 8 0.0633952
16733 39226357 10 0.0880873
16733 39594172 16 0.236311
16733 39962278 16.5 0.256566
16733 40330084 19 0.387053
16733 40699065 16.5 0.256566
16733 41067224 19 0.387053
16733 41435043 15 0.200473
16733 41803272 13.5 0.156644
16733 42171308 14.5 0.184647
16733 42539173 13.5 0.156644
16733 42906947 16 0.236311
16733 43275884 15 0.200473
16733 43644323 14.5 0.184647
16733 44012099 15.5 0.217656
16733 44379550 16.5 0.256566
16733 44747222 16.5 0.256566
16733 45115359 16.5 0.256566
16733 45482786 15.5 0.217656
16733 45850372 18 0.328354
16733 46217866 16.5 0.256566
16733 46586521 15 0.200473
16733 46954682 17 0.278557
16733 47322928 16 0.236311
16733 47690794 18 0.328354
16733 48058750 16 0.236311
16733 48426572 19 0.387053
16733 48793866 17 0.278557
16733 49161609 18.5 0.356497
16733 49529569 16.5 0.256566
16733 49897442 17.5 0.302432
16733 50266684 16.5 0.256566
16733 50636147 18 0.328354
16733 51003646 25 1.03835
16733 51371635 25.5 1.12734
16733 51739728 26 1.22397
16733 52107340 21 0.537809
16733 52475198 19.5 0.420228
16733 52843127 20.5 0.495351
16733 53211558 25 1.03835
16733 53579581 31 2.78557
16733 53947791 34 4.56246
16733 54315425 29 2.00473
16733 54683171 24 0.880873
16733 55051057 29 2.00473
16733 55418915 28 1.7007
16733 55786534 24.5 0.956374
16733 56154476 29.5 2.17656
16733 56521888 31 2.78557
16733 56889779 30.5 2.56566
16733 57258544 27.5 1.56644
16733 57626288 24 0.880873
16733 58361032 27 1.44278
16733 58728570 29.5 2.17656
16733 59096292 26 1.22397
16733 59464123 30 2.36311
16733 59832182 32 3.28354
16734 89107 21.5 0.583905
16734 456735 22 0.633952
16734 825008 24.5 0.956374
16734 1193179 25.5 1.12734
16734 1561346 21 0.537809
16734 1929285 17 0.278557
16734 2298675 16 0.236311
16734 2667511 16.5 0.256566
16734 3035392 12.5 0.132888
16734 3403549 12 0.122397
16734 3771240 12 0.122397
16734 4138943 9.5 0.0811333
16734 4507328 11 0.103835
16734 4875350 9.5 0.0811333
16734 5244143 11 0.103835
16734 5612879 3 0.0278557
16734 5980895 11 0.103835
16734 6348452 12.5 0.132888
16734 6716344 16.5 0.256566
16734 7084615 18 0.328354
16734 7452777 15 0.200473
16734 7820653 15.5 0.217656
16734 8189690 15 0.200473
16734 8558184 12 0.122397
16734 8926390 12 0.122397
16734 9294048 12.5 0.132888
16734 9662222 9.5 0.0811333
16734 10030217 11.5 0.112734
16734 10397770 13 0.144278
16734 10765857 11 0.103835
16734 11134142 15 0.200473
16734 11501773 17.5 0.302432
16734 11870490 16 0.236311
16734 12238194 14.5 0.184647
16734 12605833 13.5 0.156644
16734 12973774 11 0.103835
16734 13341680 9.5 0.0811333
16734 13709453 12 0.122397
16734 14077688 13 0.144278
16734 14445875 14.5 0.184647
16734 14815392 16 0.236311
16734 15183285 12.5 0.132888
16734 15551488 14 0.17007
16734 15919304 11 0.103835
16734 16287795 11 0.103835
16734 16655490 15 0.200473
16734 17023224 18 0.328354
16734 17391513 19 0.387053
16734 17760200 19 0.387053
16734 18128785 18.5 0.356497
16734 18496453 16 0.236311
16734 18864745 15 0.200473
16734 19232612 14 0.17007
16734 19600402 15 0.200473
16734 19968146 13 0.144278
16734 20336159 12 0.122397
16734 20703785 20.5 0.495351
16734 21072271 20 0.456246
16734 21441064 19.5 0.420228
16734 21809049 15 0.200473
16734 22176986 14.5 0.184647
16734 22544641 20 0.456246
16734 22912278 16.5 0.256566
16734 23280363 20 0.456246
16734 23648235 23 0.747283
16734 24016114 29 2.00473
16734 24384688 23.5 0.811333
16734 24753337 19.5 0.420228
16734 25121597 14 0.17007
16734 25490532 26.5 1.32888
16734 25859440 24 0.880873
16734 26228548 22.5 0.688289
16734 26597780 20.5 0.495351
16734 26967713 23.5 0.811333
16734 27337244 19 0.387053
16734 27706361 18 0.328354
16734 28075276 21.5 0.583905
16734 28444080 18.5 0.356497
16734 28812887 15.5 0.217656
16734 29181579 23.5 0.811333
16734 29551198 25 1.03835
16734 29920104 23 0.747283
16734 30288939 25 1.03835
16734 30657580 19.5 0.420228
16734 31027059 19.5 0.420228
16734 31396589 16 0.236311
16734 31765478 24 0.880873
16734 32134188 27 1.44278
16734 32503410 25 1.03835
16734 32872136 25 1.03835
16734 33241485 23 0.747283
16734 33609753 23.5 0.811333
16734 33978624 25 1.03835
16734 34347058 27.5 1.56644
16734 34716000 25.5 1.12734
16734 35084592 19 0.387053
16734 35453061 22.5 0.688289
16734 35822744 18 0.328354
16734 36191592 17.5 0.302432
16734 36560497 18 0.328354
16734 36929406 9.5 0.0811333
16734 37298163 12.5 0.132888
16734 37667359 11.5 0.112734
16734 38036297 11.5 0.112734
16734 38405236 14 0.17007
16734 38773882 18 0.328354
16734 39142702 20 0.456246
16734 39511725 23.5 0.811333
16734 39880679 23.5 0.811333
16734 40250336 28 1.7007
16734 40619034 27 1.44278
16734 40987982 19.5 0.420228
16734 41356959 13 0.144278
16734 41724996 15 0.200473
16734 42094440 20 0.456246
16734 42463138 17.5 0.302432
16734 42831832 7.5 0.0583905
16734 43201047 6 0.0456246
16734 43569920 6.5 0.0495351
16734 43938536 8 0.0633952
16734 44307088 8.5 0.0688289
16734 44676690 15.5 0.217656
16734 45045627 13.5 0.156644
16734 45414434 16.5 0.256566
16734 45783172 13.5 0.156644
16734 46152091 9.5 0.0811333
16734 46520644 8.5 0.0688289
16734 46889705 2.5 0.0256566
16734 47258418 10 0.0880873
16734 47627292 15 0.200473
16734 47996163 11 0.103835
16734 48364878 9 0.0747283
16734 48733751 7 0.0537809
16734 49103392 9 0.0747283
16734 49472740 9 0.0747283
16734 49841839 13.5 0.156644
16734 50210493 10.5 0.0956374
16734 50579126 9.5 0.0811333
16734 50949253 9 0.0747283
16734 51318580 6.5 0.0495351
16734 51687325 5.5 0.0420228
16734 52056354 11.5 0.112734
16734 52425672 8.5 0.0688289
16734 52794357 8.5 0.0688289
16734 53163228 10.5 0.0956374
16734 53531824 8 0.0633952
16734 53900337 7.5 0.0583905
16734 54269037 9 0.0747283
16734 54638027 11 0.103835
16734 55006153 11 0.103835
16734 55375539 8.5 0.0688289
16734 55744676 10.5 0.0956374
16734 56113392 7 0.0537809
16734 56482687 2.5 0.0256566
16734 56851670 5.5 0.0420228
16734 57220215 5 0.0387053
16734 57589153 6.5 0.0495351
16734 57957488 7 0.0537809
16734 58326289 9.5 0.0811333
16734 58694981 10.5 0.0956374
16734 59063916 6 0.0456246
16734 59432658 10.5 0.0956374
16734 59802674 9 0.0747283
16734 60171950 8.5 0.0688289
16734 60540774 4 0.0328354
16734 60909895 11 0.103835
