16733 6183189 -999 7.47283e-74
16733 6550639 7 0.0537809
16733 6918217 10 0.0880873
16733 7285807 12.5 0.132888
16733 7653766 4.5 0.0356497
16733 8021414 8.5 0.0688289
16733 8389934 2 0.0236311
16733 8758388 -999 7.47283e-74
16733 9126031 -999 7.47283e-74
16733 9493506 -999 7.47283e-74
16733 9861543 -999 7.47283e-74
16733 10229410 -999 7.47283e-74
16733 10597678 -999 7.47283e-74
16733 10965524 13 0.144278
16733 11333398 7 0.0537809
16733 11702147 9.5 0.0811333
16733 12072025 -999 7.47283e-74
16733 12440675 -999 7.47283e-74
16733 12808829 -999 7.47283e-74
16733 13176516 -999 7.47283e-74
16733 13544227 -999 7.47283e-74
16733 13911889 -999 7.47283e-74
16733 14279860 -999 7.47283e-74
16733 14647665 3.5 0.0302432
16733 15015600 -999 7.47283e-74
16733 15384374 -999 7.47283e-74
16733 15752368 -999 7.47283e-74
16733 16120990 -999 7.47283e-74
16733 16488892 -999 7.47283e-74
16733 16856916 -999 7.47283e-74
16733 17224712 -999 7.47283e-74
16733 17592591 -999 7.47283e-74
16733 17960526 -999 7.47283e-74
16733 18328834 -999 7.47283e-74
16733 18697183 -999 7.47283e-74
16733 19065272 -999 7.47283e-74
16733 19432905 -999 7.47283e-74
16733 19800039 -999 7.47283e-74
16733 20167625 -999 7.47283e-74
16733 20535156 -999 7.47283e-74
16733 20902671 -999 7.47283e-74
16733 21270570 -999 7.47283e-74
16733 21638306 -999 7.47283e-74
16733 22006270 -999 7.47283e-74
16733 22373894 -999 7.47283e-74
16733 22741648 -999 7.47283e-74
16733 23108865 -999 7.47283e-74
16733 23476548 -999 7.47283e-74
16733 23844108 -999 7.47283e-74
16733 24211859 -999 7.47283e-74
16733 24579554 -999 7.47283e-74
16733 24946868 -999 7.47283e-74
16733 25314799 -999 7.47283e-74
16733 25682585 -999 7.47283e-74
16733 26050302 -999 7.47283e-74
16733 26418041 -999 7.47283e-74
16733 26785874 -999 7.47283e-74
16733 27153364 -999 7.47283e-74
16733 27521076 -999 7.47283e-74
16733 27888700 -999 7.47283e-74
16733 28256118 -999 7.47283e-74
16733 28624037 -999 7.47283e-74
16733 28992007 -999 7.47283e-74
16733 29360432 -999 7.47283e-74
16733 29728056 12 0.122397
16733 30096311 4 0.0328354
16733 30464210 10.5 0.0956374
16733 30832015 -999 7.47283e-74
16733 31199852 -999 7.47283e-74
16733 31567605 0.5 0.0184647
16733 31935341 7.5 0.0583905
16733 32303121 14 0.17007
16733 32670699 12.5 0.132888
16733 33039432 15.5 0.217656
16733 33407191 29 2.00473
16733 33775476 26 1.22397
16733 34143084 16.5 0.256566
16733 34510664 15 0.200473
16733 34878104 17.5 0.302432
16733 35245710 17 0.278557
16733 35613562 14.5 0.184647
16733 35981989 12 0.122397
16733 36349787 13 0.144278
16733 36718331 12.5 0.132888
16733 37087278 4 0.0328354
16733 37455572 -999 7.47283e-74
16733 37823453 -999 7.47283e-74
16733 38191118 2.5 0.0256566
16733 38558739 7 0.0537809
16733 38926682 11.5 0.112734
16733 39294729 12 0.122397
16733 39662416 19 0.387053
16733 40030529 15 0.200473
16733 40399236 20 0.456246
16733 40767323 14.5 0.184647
16733 41135466 12.5 0.132888
16733 41503313 13.5 0.156644
16733 41871628 14 0.17007
16733 42239580 13.5 0.156644
16733 42607431 14 0.17007
16733 42975318 11.5 0.112734
16733 43344038 10 0.0880873
16733 43712688 13.5 0.156644
16733 44080337 13.5 0.156644
16733 44447808 14.5 0.184647
16733 44815566 12.5 0.132888
16733 45183514 11.5 0.112734
16733 45551147 11.5 0.112734
16733 45918645 14 0.17007
16733 46286726 16 0.236311
16733 46655381 14 0.17007
16733 47023452 15 0.200473
16733 47391079 14.5 0.184647
16733 47759245 16.5 0.256566
16733 48127003 15 0.200473
16733 48494635 15 0.200473
16733 48862210 14 0.17007
16733 49229866 13.5 0.156644
16733 49597823 14.5 0.184647
16733 49966320 15 0.200473
16733 50335733 18.5 0.356497
16733 50704493 18 0.328354
16733 51071898 20.5 0.495351
16733 51439879 22.5 0.688289
16733 51807880 20 0.456246
16733 52175692 16.5 0.256566
16733 52543553 18.5 0.356497
16733 52912200 17.5 0.302432
16733 53279807 24.5 0.956374
16733 53648238 32.5 3.56497
16733 54015946 31 2.78557
16733 54383694 26 1.22397
16733 54751416 26 1.22397
16733 55119316 28.5 1.84647
16733 55487155 28 1.7007
16733 55854785 23 0.747283
16733 56222723 32 3.28354
16733 56590264 30.5 2.56566
16733 56958935 28 1.7007
16733 57326607 22 0.633952
16733 57694435 19 0.387053
16733 58429187 32 3.28354
16733 58796812 23.5 0.811333
16733 59164448 30 2.36311
16733 59532469 27.5 1.56644
16733 59901356 31.5 3.02432
16734 157371 18 0.328354
16734 525091 22.5 0.688289
16734 893470 22.5 0.688289
16734 1261436 20.5 0.495351
16734 1629483 14.5 0.184647
16734 1998337 14.5 0.184647
16734 2367734 13.5 0.156644
16734 2735773 11 0.103835
16734 3103641 8.5 0.0688289
16734 3471708 8.5 0.0688289
16734 3839607 8.5 0.0688289
16734 4207188 7.5 0.0583905
16734 4575685 8 0.0633952
16734 4943703 5.5 0.0420228
16734 5312391 7 0.0537809
16734 5681148 9 0.0747283
16734 6048949 12.5 0.132888
16734 6416610 12 0.122397
16734 6784590 14.5 0.184647
16734 7152977 14.5 0.184647
16734 7521136 14 0.17007
16734 7889616 13 0.144278
16734 8257940 12.5 0.132888
16734 8626543 12.5 0.132888
16734 8994442 10.5 0.0956374
16734 9362420 8 0.0633952
16734 9730371 8.5 0.0688289
16734 10098475 10.5 0.0956374
16734 10466221 11 0.103835
16734 10834120 11 0.103835
16734 11202603 14 0.17007
16734 11570034 14.5 0.184647
16734 11938755 14 0.17007
16734 12306468 12.5 0.132888
16734 12673973 11 0.103835
16734 13041934 11.5 0.112734
16734 13409923 10.5 0.0956374
16734 13777817 11.5 0.112734
16734 14146051 10.5 0.0956374
16734 14514352 14 0.17007
16734 14883649 13 0.144278
16734 15251557 13.5 0.156644
16734 15619561 9.5 0.0811333
16734 15987575 11.5 0.112734
16734 16355939 14.5 0.184647
16734 16723850 15.5 0.217656
16734 17091486 16 0.236311
16734 17460483 15 0.200473
16734 17828549 13.5 0.156644
16734 18196937 13.5 0.156644
16734 18564707 14 0.17007
16734 18932991 14 0.17007
16734 19300878 13.5 0.156644
16734 19668670 16.5 0.256566
16734 20036507 16.5 0.256566
16734 20404418 18 0.328354
16734 20772947 20.5 0.495351
16734 21141144 20 0.456246
16734 21509323 14.5 0.184647
16734 21877299 14.5 0.184647
16734 22245242 16.5 0.256566
16734 22612900 19.5 0.420228
16734 22980429 25 1.03835
16734 23348729 24 0.880873
16734 23716494 33 3.87053
16734 24085189 31.5 3.02432
16734 24453158 31 2.78557
16734 24821598 26.5 1.32888
16734 25189763 22.5 0.688289
16734 25558781 28 1.7007
16734 25927698 23.5 0.811333
16734 26296906 24.5 0.956374
16734 26666642 25.5 1.12734
16734 27036673 26.5 1.32888
16734 27405498 25 1.03835
16734 27774537 25.5 1.12734
16734 28143628 25.5 1.12734
16734 28512345 21 0.537809
16734 28881147 25 1.03835
16734 29250431 29 2.00473
16734 29619442 24.5 0.956374
16734 29988373 26 1.22397
16734 30357108 26.5 1.32888
16734 30725824 22 0.633952
16734 31096139 22.5 0.688289
16734 31464851 26.5 1.32888
16734 31833723 28.5 1.84647
16734 32202551 29 2.00473
16734 32571670 28 1.7007
16734 32940499 28.5 1.84647
16734 33309731 25.5 1.12734
16734 33678112 27 1.44278
16734 34046774 28 1.7007
16734 34415217 28 1.7007
16734 34784258 27 1.44278
16734 35152741 24.5 0.956374
16734 35522149 22 0.633952
16734 35891034 20.5 0.495351
16734 36259841 18.5 0.356497
16734 36628767 14 0.17007
16734 36997875 14 0.17007
16734 37366424 13.5 0.156644
16734 37735527 13.5 0.156644
16734 38104669 14.5 0.184647
16734 38473484 20.5 0.495351
16734 38842339 24 0.880873
16734 39211080 27 1.44278
16734 39579989 28 1.7007
16734 39949835 32 3.28354
16734 40318493 31.5 3.02432
16734 40687312 23 0.747283
16734 41056328 18 0.328354
16734 41425216 17.5 0.302432
16734 41793237 17.5 0.302432
16734 42162585 27 1.44278
16734 42531405 11 0.103835
16734 42900099 12 0.122397
16734 43269304 11.5 0.112734
16734 43638175 15 0.200473
16734 44006800 11 0.103835
16734 44376046 14 0.17007
16734 44744959 10 0.0880873
16734 45113789 5.5 0.0420228
16734 45482685 19 0.387053
16734 45851548 15.5 0.217656
16734 46220257 11.5 0.112734
16734 46588889 11.5 0.112734
16734 46957971 11 0.103835
16734 47326668 14.5 0.184647
16734 47695639 15 0.200473
16734 48064523 13.5 0.156644
16734 48433129 13 0.144278
16734 48802622 13.5 0.156644
16734 49171967 18 0.328354
16734 49541004 16.5 0.256566
16734 49910102 13 0.144278
16734 50278748 9.5 0.0811333
16734 50648096 9 0.0747283
16734 51018017 10 0.0880873
16734 51386842 7 0.0537809
16734 51755787 9 0.0747283
16734 52124513 11 0.103835
16734 52494038 7.5 0.0583905
16734 52862706 9.5 0.0811333
16734 53231485 11 0.103835
16734 53600068 10.5 0.0956374
16734 53968492 13.5 0.156644
16734 54337394 12 0.122397
16734 54706491 10.5 0.0956374
16734 55074414 11.5 0.112734
16734 55443892 13 0.144278
16734 55812818 11 0.103835
16734 56181655 9 0.0747283
16734 56551044 12 0.122397
16734 56920025 7 0.0537809
16734 57288298 6.5 0.0495351
16734 57657508 10.5 0.0956374
16734 58025739 7 0.0537809
16734 58394451 10 0.0880873
16734 58763334 7 0.0537809
16734 59132167 1.5 0.0217656
16734 59501746 3.5 0.0302432
16734 59871547 6.5 0.0495351
16734 60240098 12 0.122397
16734 60609132 10.5 0.0956374
16734 60978265 7.5 0.0583905
