16733 6217772 -0.5 0.0156644
16733 6585226 11.5 0.112734
16733 6952804 8.5 0.0688289
16733 7320388 7 0.0537809
16733 7688347 8.5 0.0688289
16733 8056016 8 0.0633952
16733 8424616 -3 0.0103835
16733 8793172 0 0.017007
16733 9160612 -1 0.0144278
16733 9528101 -999 7.47283e-74
16733 9896129 3.5 0.0302432
16733 10264096 -999 7.47283e-74
16733 10632172 8 0.0633952
16733 11000117 17.5 0.302432
16733 11367982 5 0.0387053
16733 11737437 1 0.0200473
16733 12106708 -999 7.47283e-74
16733 12475357 -999 7.47283e-74
16733 12843430 -999 7.47283e-74
16733 13211198 -999 7.47283e-74
16733 13578809 -999 7.47283e-74
16733 13946577 -999 7.47283e-74
16733 14314447 -999 7.47283e-74
16733 14682349 7.5 0.0583905
16733 15050283 0 0.017007
16733 15418960 -999 7.47283e-74
16733 15786959 -999 7.47283e-74
16733 16155674 -999 7.47283e-74
16733 16523473 -999 7.47283e-74
16733 16891498 -999 7.47283e-74
16733 17259404 -999 7.47283e-74
16733 17627274 -999 7.47283e-74
16733 17995311 -999 7.47283e-74
16733 18364227 -999 7.47283e-74
16733 18731778 -999 7.47283e-74
16733 19099860 -999 7.47283e-74
16733 19467385 -3 0.0103835
16733 19834735 0.5 0.0184647
16733 20202209 -0.5 0.0156644
16733 20569840 -8 0.00456246
16733 20937357 0 0.017007
16733 21305159 -4 0.00880873
16733 21673090 -1.5 0.0132888
16733 22040960 -999 7.47283e-74
16733 22408592 -999 7.47283e-74
16733 22776230 -999 7.47283e-74
16733 23143347 5 0.0387053
16733 23511137 8 0.0633952
16733 23878690 -999 7.47283e-74
16733 24246439 -999 7.47283e-74
16733 24614136 -999 7.47283e-74
16733 24981563 -999 7.47283e-74
16733 25349482 -999 7.47283e-74
16733 25717266 -999 7.47283e-74
16733 26084907 -999 7.47283e-74
16733 26452624 -2 0.0122397
16733 26820456 -1.5 0.0132888
16733 27188045 -2.5 0.0112734
16733 27555671 2 0.0236311
16733 27923280 -1 0.0144278
16733 28290698 -999 7.47283e-74
16733 28658731 -999 7.47283e-74
16733 29026692 -999 7.47283e-74
16733 29395114 0.5 0.0184647
16733 29762738 7.5 0.0583905
16733 30131003 4 0.0328354
16733 30499012 5.5 0.0420228
16733 30866602 0.5 0.0184647
16733 31234436 -6.5 0.00583905
16733 31602203 1 0.0200473
16733 31970023 16.5 0.256566
16733 32337703 18.5 0.356497
16733 32705390 18 0.328354
16733 33074133 24 0.880873
16733 33441774 34.5 4.95351
16733 33810058 25.5 1.12734
16733 34177672 17.5 0.302432
16733 34545151 13 0.144278
16733 34912685 17 0.278557
16733 35280290 15.5 0.217656
16733 35648261 13 0.144278
16733 36016483 7 0.0537809
16733 36384471 15.5 0.217656
16733 36752912 15 0.200473
16733 37121972 5 0.0387053
16733 37490162 -999 7.47283e-74
16733 37858036 -999 7.47283e-74
16733 38225699 9 0.0747283
16733 38593537 4 0.0328354
16733 38961263 8 0.0633952
16733 39329309 21 0.537809
16733 39696996 14 0.17007
16733 40065332 19.5 0.420228
16733 40433822 13.5 0.156644
16733 40802005 18.5 0.356497
16733 41170048 8.5 0.0688289
16733 41537909 5 0.0387053
16733 41906214 -999 7.47283e-74
16733 42274272 -1 0.0144278
16733 42642113 10.5 0.0956374
16733 43010622 -999 7.47283e-74
16733 43378723 2 0.0236311
16733 43747183 -0.5 0.0156644
16733 44114917 6.5 0.0495351
16733 44482403 7.5 0.0583905
16733 44850146 6.5 0.0495351
16733 45218095 9 0.0747283
16733 45585830 7 0.0537809
16733 45953337 8.5 0.0688289
16733 46321307 -2 0.0122397
16733 46689962 2.5 0.0256566
16733 47058033 2 0.0236311
16733 47425678 9.5 0.0811333
16733 47793840 10 0.0880873
16733 48161683 3 0.0278557
16733 48529224 3 0.0278557
16733 48896801 0.5 0.0184647
16733 49264448 -999 7.47283e-74
16733 49632405 2 0.0236311
16733 50001016 4 0.0328354
16733 50370432 16.5 0.256566
16733 50739074 21.5 0.583905
16733 51106479 22 0.633952
16733 51474461 21 0.537809
16733 51842470 14.5 0.184647
16733 52210273 11.5 0.112734
16733 52578132 8.5 0.0688289
16733 52946785 17 0.278557
16733 53314404 27 1.44278
16733 53682821 33.5 4.20228
16733 54050626 29.5 2.17656
16733 54418281 25 1.03835
16733 54785906 28.5 1.84647
16733 55153895 28.5 1.84647
16733 55521836 22 0.633952
16733 55889383 27 1.44278
16733 56257305 32.5 3.56497
16733 56624845 31 2.78557
16733 56993617 26 1.22397
16733 57361204 18 0.328354
16733 57729016 17.5 0.302432
16733 58463683 31.5 3.02432
16733 58831394 23.5 0.811333
16733 59199127 26.5 1.32888
16733 59567049 27.5 1.56644
16733 59936054 28 1.7007
16734 191869 19 0.387053
16734 559686 17.5 0.302432
16734 928049 17.5 0.302432
16734 1296015 12.5 0.132888
16734 1664081 15 0.200473
16734 2033034 12 0.122397
16734 2402417 9 0.0747283
16734 2770355 9.5 0.0811333
16734 3138229 3.5 0.0302432
16734 3506308 1 0.0200473
16734 3874190 2.5 0.0256566
16734 4241974 2 0.0236311
16734 4610272 2.5 0.0256566
16734 4979017 -1 0.0144278
16734 5347789 0 0.017007
16734 5715833 4.5 0.0356497
16734 6083533 7 0.0537809
16734 6451217 12 0.122397
16734 6819175 11 0.103835
16734 7187558 12 0.122397
16734 7555717 11.5 0.112734
16734 7924217 10.5 0.0956374
16734 8292525 8.5 0.0688289
16734 8661226 4.5 0.0356497
16734 9029031 3 0.0278557
16734 9397112 1.5 0.0217656
16734 9764865 7 0.0537809
16734 10133060 5.5 0.0420228
16734 10500899 5.5 0.0420228
16734 10868818 6 0.0456246
16734 11237205 13.5 0.156644
16734 11604617 10.5 0.0956374
16734 11973352 11.5 0.112734
16734 12341065 9.5 0.0811333
16734 12708556 4 0.0328354
16734 13076515 2 0.0236311
16734 13444512 4 0.0328354
16734 13812518 5.5 0.0420228
16734 14180741 4 0.0328354
16734 14549659 7.5 0.0583905
16734 14918341 5 0.0387053
16734 15286248 6.5 0.0495351
16734 15654255 4.5 0.0356497
16734 16022161 5 0.0387053
16734 16390525 10 0.0880873
16734 16758439 7 0.0537809
16734 17126181 9.5 0.0811333
16734 17495170 9.5 0.0811333
16734 17863863 8.5 0.0688289
16734 18231521 9.5 0.0811333
16734 18599299 10 0.0880873
16734 18967479 15.5 0.217656
16734 19335466 15.5 0.217656
16734 19703256 13 0.144278
16734 20071201 17.5 0.302432
16734 20439101 18.5 0.356497
16734 20807534 18 0.328354
16734 21175737 20.5 0.495351
16734 21543923 19 0.387053
16734 21911886 16 0.236311
16734 22279826 19.5 0.420228
16734 22647491 17.5 0.302432
16734 23015116 23.5 0.811333
16734 23383314 28.5 1.84647
16734 23751078 28 1.7007
16734 24119879 29.5 2.17656
16734 24487850 31 2.78557
16734 24856180 26.5 1.32888
16734 25224346 27 1.44278
16734 25593372 25 1.03835
16734 25962291 23 0.747283
16734 26331507 30 2.36311
16734 26701238 24.5 0.956374
16734 27071258 31 2.78557
16734 27440181 23 0.747283
16734 27809226 26 1.22397
16734 28178315 23 0.747283
16734 28547029 22 0.633952
16734 28915746 25 1.03835
16734 29285024 26.5 1.32888
16734 29654025 26 1.22397
16734 30022956 27 1.44278
16734 30391689 24.5 0.956374
16734 30760510 25 1.03835
16734 31130723 23.5 0.811333
16734 31499550 26.5 1.32888
16734 31868312 28 1.7007
16734 32237141 27 1.44278
16734 32606355 26.5 1.32888
16734 32975793 25 1.03835
16734 33344316 22.5 0.688289
16734 33712714 25.5 1.12734
16734 34081462 27 1.44278
16734 34449800 28.5 1.84647
16734 34818943 24 0.880873
16734 35187327 27 1.44278
16734 35556736 16 0.236311
16734 35925736 20 0.456246
16734 36294425 15 0.200473
16734 36663350 8.5 0.0688289
16734 37032474 9.5 0.0811333
16734 37401009 10 0.0880873
16734 37770114 13 0.144278
16734 38139267 23.5 0.811333
16734 38507990 20.5 0.495351
16734 38876935 21.5 0.583905
16734 39245766 33.5 4.20228
16734 39614680 24.5 0.956374
16734 39984522 29 2.00473
16734 40353188 30.5 2.56566
16734 40722011 21 0.537809
16734 41090824 12.5 0.132888
16734 41459805 9.5 0.0811333
16734 41827921 17.5 0.302432
16734 42197272 26 1.22397
16734 42566002 -999 7.47283e-74
16734 42934796 8 0.0633952
16734 43303992 -999 7.47283e-74
16734 43672759 14 0.17007
16734 44041490 9.5 0.0811333
16734 44410628 6 0.0456246
16734 44779655 6.5 0.0495351
16734 45148391 5 0.0387053
16734 45517370 9 0.0747283
16734 45886134 11 0.103835
16734 46254841 7.5 0.0583905
16734 46623476 8 0.0633952
16734 46992566 10.5 0.0956374
16734 47361262 9.5 0.0811333
16734 47730226 11 0.103835
16734 48099107 9.5 0.0811333
16734 48467722 9.5 0.0811333
16734 48837208 10.5 0.0956374
16734 49206654 15 0.200473
16734 49575603 12.5 0.132888
16734 49944694 7 0.0537809
16734 50313337 7 0.0537809
16734 50682681 5.5 0.0420228
16734 51052601 0.5 0.0184647
16734 51421525 7 0.0537809
16734 51790373 -999 7.47283e-74
16734 52159109 -999 7.47283e-74
16734 52528749 9 0.0747283
16734 52897205 -1.5 0.0132888
16734 53266069 -2 0.0122397
16734 53634655 5 0.0387053
16734 54003083 -999 7.47283e-74
16734 54371992 7.5 0.0583905
16734 54741006 -3.5 0.00956374
16734 55109098 5.5 0.0420228
16734 55478581 7.5 0.0583905
16734 55847407 -999 7.47283e-74
16734 56216249 -999 7.47283e-74
16734 56585644 -999 7.47283e-74
16734 56954615 -999 7.47283e-74
16734 57322984 -999 7.47283e-74
16734 57692093 -999 7.47283e-74
16734 58060320 -999 7.47283e-74
16734 58429049 -999 7.47283e-74
16734 58797937 -999 7.47283e-74
16734 59166757 -999 7.47283e-74
16734 59536334 -999 7.47283e-74
16734 59906138 -999 7.47283e-74
16734 60274686 6 0.0456246
16734 60643717 4.5 0.0356497
16734 61012863 4.5 0.0356497
